0.5520896207200631 0.8777265894404016
0.8810669744645732 0.7096764620712198
0.7758702011758623 0.8866369331954079
0.4496187515391685 0.9695208521791244
0.9313351188986011 0.03379840454666372
0.19778963979881004 0.9510466804813216
0.7975255682640394 0.2187483227015492
0.33457248484497915 0.7370956239370101
0.07215045302411116 0.6438990607660867
0.8165636597103306 0.11554448140276408
0.7776801202800239 0.9555464629644528
0.8593168522396353 0.600501343510142
0.6046589900566947 0.36387270450096265
0.2843225883017858 0.9727068760688612
0.20399419188942003 0.49813111925287856
0.6651477971437558 0.4554136987633802
0.5498900417676986 0.9417773824117653
0.38211133935540675 0.9764058719485754
0.49066258207420355 0.39663392094911254
0.6836724659506243 0.6229401349444103
0.8131974630127599 0.9208645926346309
0.1655984019125697 0.7361374076709156
0.3985958575111068 0.2786601938765729
0.1250484547981775 0.6766612082801813
0.6557954212700603 0.8963541847648623
0.09287388821694142 0.16667927704604135
0.3901168014765314 0.27084214318877875
0.11943403259491736 0.017509562608475582
0.006637255045927382 0.9892042790343003
0.10988892534295291 0.19491121299544845
0.3770468063281872 0.24041544453043506
0.6841368352664515 0.4859043670029439
0.9779602352586675 0.3171339770245627
0.2690329679566147 0.1058769803452676
0.015946036903008887 0.5978508883463597
0.9734343708578725 0.4705734296375247
0.2260049081933423 0.6725632767251193
0.007092584959541903 0.5260929348108971
0.052489807972918356 0.581463965246625
0.1667323014713038 0.24822921249577534
0.948941515286649 0.6366310903760625
0.024875075627808774 0.1968080169548554
0.19562495922189804 0.7506347300822273
0.4240210260595534 0.2289642899820108
0.7489661482825151 0.7182832190693703
0.47797212155855073 0.19268778489525373
0.875446029300236 0.03642908277185719
0.8616011846056856 0.24784976651006752
0.655793853072557 0.3786115957799401
0.31618254912870547 0.8950629437748587
0.8901791650404435 0.9356438870835818
0.41783756592457877 0.350584984960692
0.7208695737395322 0.43527493365706016
0.8916796203087466 0.7683437902090724
0.25501038079341054 0.8256352451607579
0.2080218778444155 0.522708646637391
0.6631979118856414 0.6318860170238745
0.011248037592605953 0.22634153055640316
0.7861918589274184 0.05285424609447187
0.5799689063979877 0.7796243750541657
0.7512355946821073 0.7386317483937254
0.14470573731221525 0.8762334749935531
0.655362894230544 0.8800772624628058
0.1902210333872565 0.9720688148154659
0.36293029445132663 0.8899871164014377
0.23758966111079938 0.8317085237905492
0.5182292596240288 0.5283902041935158
0.7639313180035555 0.04694571587760099
0.9600657859494921 0.8295467097200403
0.7684624980799443 0.7898546544648646
0.7858294989368589 0.15501027785697175
0.4986095130904177 0.46948754012727856
0.7362952620061027 0.7425577864679804
0.002468430560565893 0.5370588615690414
0.06343486011577582 0.38928142372487673
0.3389826210858642 0.7391489438634692
0.9832799563651312 0.26458727868300513
0.9878964923175328 0.6602364308250325
0.4361394618878338 0.045779362750347996
0.5511787906073007 0.6741370248332695
0.9398666548686315 0.9718928014580377
0.06651898396175593 0.3505260538960059
0.9520997789864413 0.9240799817216682
0.8932899761851337 0.49063531605501953
0.21867155513833836 0.39524392524815444
0.7591114779391349 0.4995794716443248
0.758300018733439 0.2422796354352793
0.31772184993240027 0.18809297504049427
0.5672755912233635 0.5674233845014702
0.07063799847691199 0.15402654731369025
0.7665716306510048 0.32731070086364744
0.8819654387393212 0.882604275580455
0.01090288202600942 0.33554877572205155
0.1608832526290671 0.6443167352724616
0.49695544199711816 0.6401565932522141
0.6511179799093202 0.7264356562649864
0.740255254937275 0.7838044852508568
0.2883855544296964 0.25844925451296263
0.9076744890778984 0.5811076186249444
0.9760899722407687 0.35204743280504835
0.0 0.0
